Constant 0
1 1
0,0

Identity
1 1
0,1

NOT gate
1 1
1,0

Constant 1
1 1
1,1

Yes/No
1 5
01110,11001

Switch between 27 and 50
1 6
110110,010011

Constant 0
2 1
0,0,0,0

AND gate
2 1
0,0,0,1

Non-implication
2 1
0,0,1,0

Select X
2 1
0,0,1,1

Reverse non-implication
2 1
0,1,0,0

Select Y
2 1
0,1,0,1

XOR gate
2 1
0,1,1,0

OR gate
2 1
0,1,1,1

NOR gate
2 1
1,0,0,0

Equivalence
2 1
1,0,0,1

Not Y
2 1
1,0,1,0

Reverse implication
2 1
1,0,1,1

Not X
2 1
1,1,0,0

Implication
2 1
1,1,0,1

NAND gate
2 1
1,1,1,0

Constant 1
2 1
1,1,1,1

OR and AND
2 2
00,10,10,11

Half adder
2 2
00,01,01,10

Full adder
3 2
00,01,01,10,01,10,10,11

3-bit AND
3 1
0,0,0,0,0,0,0,1

3-bit OR
3 1
0,1,1,1,1,1,1,1

3-bit parity checker
3 1
0,1,1,0,1,0,0,1

2-bit adder
4 3
000,100,100,110,100,100,110,100,100,110,100,101,110,100,101,110

2-bit multiplier
4 4
0000,0000,0000,0000,0000,1000,1000,1100,0000,1000,1000,1100,0000,1100,1100,1001

Prime checker
4 1
0,0,1,1,0,1,0,1,0,0,0,1,0,1,0,0

4-bit parity checker
4 1
0,1,1,0,1,0,0,1,1,0,0,1,0,1,1,0

2-way demultiplexer
2 2
00,01,00,10

2-way multiplexer
3 1
0,1,0,1,0,0,1,1

4-way demultiplexer
3 4
0000,0001,0000,0010,0000,0100,0000,1000

4-way multiplexer
6 1
0,1,0,1,0,1,0,1,0,1,0,1,0,1,0,1,0,0,1,1,0,0,1,1,0,0,1,1,0,0,1,1,0,0,0,0,1,1,1,1,0,0,0,0,1,1,1,1,0,0,0,0,0,0,0,0,1,1,1,1,1,1,1,1

3-bit adder
6 4
0000,1000,1000,1100,1000,1010,1100,1110,1000,1000,1100,1000,1010,1100,1110,1000,1000,1100,1000,1010,1100,1110,1000,1001,1100,1000,1010,1100,1110,1000,1001,1010,1000,1010,1100,1110,1000,1001,1010,1011,1010,1100,1110,1000,1001,1010,1011,1100,1100,1110,1000,1001,1010,1011,1100,1101,1110,1000,1001,1010,1011,1100,1101,1110

3-bit multiplier
6 6
000000,000000,000000,000000,000000,000000,000000,000000,000000,100000,100000,110000,100000,101000,110000,111000,000000,100000,100000,110000,100000,101000,110000,111000,000000,110000,110000,100100,110000,111100,100100,101010,000000,100000,100000,110000,100000,101000,110000,111000,000000,101000,101000,111100,101000,110010,111100,100011,000000,110000,110000,100100,110000,111100,100100,101010,000000,111000,111000,101010,111000,100011,101010,110001

Adjacent 1s by VisualMelon
4 1
0,0,0,1,0,0,1,1,0,0,0,1,1,1,1,1